521,41
2,5
2,2
1,9
1,8
2,1
1,7
2,4
1,6
2,3
1,5
1,4
2,0
1,2
1,3
1,1
4,1
1,0
4,3
0,506
4,0
0,503
0,502
0,498
0,495
0,492
0,489
0,486
0,478
0,472
0,471
0,464
0,463
0,460
0,458
0,457
0,456
0,452
0,451
0,447
0,422
0,411
0,409
0,383
0,381
0,379
0,378
0,376
0,374
0,362
0,360
0,358
0,357
0,356
0,355
0,354
0,353
0,352
0,350
0,348
0,342
0,340
0,339
0,338
0,337
0,336
0,335
0,334
0,333
0,330
0,329
0,326
0,322
0,316
0,301
0,243
65,1
65,3
0,445
0,443
0,375
65,0
145,1
145,3
0,448
0,449
145,0
0,344
521,61
521,1
521,3
0,361
0,343
521,0
0,347
0,9
0,310
0,305
0,442
0,423
0,511
0,480
0,459
0,455
0,450
0,446
0,434
0,454
0,465
0,473
0,414
0,462
0,461
0,351
0,308
0,304
0,303
0,302
0,307
0,444
0,12
0,373
0,10
0,479
0,8
0,0
0,400
0,300
0,299
0,501
0,298
0,331
0,297
0,377
0,296
0,483
0,295
0,294
0,403
0,293
0,487
0,292
0,349
0,291
0,420
0,290
0,398
0,289
0,474
0,288
0,419
0,287
0,491
0,286
0,317
0,285
0,485
0,284
0,509
0,283
0,397
0,282
0,388
0,281
0,453
0,280
0,427
0,279
0,315
0,278
0,393
0,277
0,328
0,276
2,6
2,7
2,9
2,10
2,12
2,13
2,15
2,17
2,18
2,20
2,21
2,23
2,25
2,26
2,28
2,29
2,31
2,32
2,34
2,64
2,65
2,67
2,68
2,70
2,72
2,73
2,75
2,76
2,78
2,79
2,81
2,83
2,84
2,86
2,87
2,89
2,91
2,92
2,94
2,95
2,97
2,98
2,100
2,102
2,103
2,105
2,106
2,108
2,110
2,111
2,113
2,114
2,116
2,118
2,119
2,121
2,122
2,124
2,128
3,0
3,2
3,3
3,5
3,6
24,0
24,2
24,3
24,5
24,6
24,8
24,9
25,1
25,3
25,4
25,6
25,7
25,9
25,11
25,12
25,14
25,15
25,17
25,18
25,20
25,22
26,0
26,2
26,3
26,5
26,7
26,8
26,10
26,11
26,13
26,15
26,16
26,18
26,19
26,21
26,22
26,24
27,1
27,2
27,4
27,5
27,7
27,9
27,10
27,12
27,13
27,15
27,16
27,18
27,20
27,21
27,23
27,24
28,0
28,2
28,3
28,5
28,6
28,8
29,0
29,2
29,4
30,0
30,2
30,3
30,5
31,0
31,1
31,3
31,4
32,1
32,2
32,4
32,6
32,7
33,0
33,1
33,3
33,5
33,6
34,0
34,1
34,3
35,0
35,1
35,3
35,4
36,0
36,1
36,3
36,5
36,6
37,1
37,2
37,4
37,6
37,7
38,1
38,2
38,4
38,5
38,7
38,9
39,0
39,2
39,3
39,5
40,1
40,2
40,4
41,0
41,2
41,3
42,0
42,2
42,3
42,5
43,0
43,2
43,4
43,5
44,1
44,2
44,4
45,0
45,1
45,3
45,4
45,6
45,7
45,9
45,11
45,12
45,14
45,15
46,1
46,3
46,4
47,1
47,2
47,4
47,5
47,7
48,0
48,1
48,3
49,0
49,2
49,4
50,0
50,2
50,3
50,5
50,6
51,1
51,3
51,4
51,6
51,7
52,1
52,3
52,4
52,6
53,0
53,2
53,3
53,5
53,7
54,0
54,2
54,3
54,5
55,1
55,2
55,4
55,5
56,1
56,3
56,4
56,6
57,0
57,2
57,3
57,5
57,7
58,0
58,2
58,3
58,5
59,0
59,1
59,3
59,4
59,6
60,0
60,2
60,4
60,5
61,0
61,1
61,3
62,0
62,1
62,3
62,4
63,1
63,2
63,4
63,6
63,7
64,0
64,1
64,3
64,5
64,6
64,8
64,9
64,11
64,13
64,14
64,16
64,17
65,2
65,4
66,0
66,2
66,3
66,5
66,6
67,1
67,3
67,4
68,1
68,2
68,4
68,5
69,1
69,3
69,4
69,6
69,7
69,9
70,1
70,2
70,4
70,5
71,0
71,1
71,3
71,5
71,6
72,1
72,2
72,4
72,6
73,0
73,2
73,3
73,5
73,7
74,0
74,2
74,3
74,5
74,6
75,0
75,2
75,3
75,5
75,6
76,0
76,2
76,3
76,5
76,6
76,8
76,9
77,0
77,2
77,3
77,5
78,0
78,2
78,4
78,5
79,0
79,1
79,3
80,0
80,2
80,4
80,5
80,7
80,8
80,10
80,12
81,0
81,2
81,3
81,5
81,6
82,1
82,3
82,4
82,6
83,0
83,2
83,4
83,5
84,0
84,1
84,3
84,5
84,6
85,1
85,2
85,4
85,5
85,7
85,9
85,10
86,1
86,2
86,4
86,6
86,7
86,9
86,10
86,12
86,13
86,15
86,17
86,18
86,20
86,21
86,23
86,25
86,26
86,28
86,29
86,31
86,32
86,34
86,36
86,37
86,39
86,40
87,0
87,2
87,3
87,5
87,6
88,1
88,3
88,4
89,0
89,1
89,3
90,0
90,2
91,0
91,1
91,3
91,4
92,1
92,3
92,4
92,6
92,7
93,1
93,2
93,4
93,6
93,7
94,1
94,2
94,4
94,6
95,0
95,2
95,3
95,5
96,0
96,2
96,4
96,5
97,0
97,1
97,3
97,5
97,6
98,1
98,2
98,4
99,0
99,2
99,4
100,0
100,2
100,3
101,0
101,2
101,3
101,5
101,6
102,0
102,2
102,3
102,5
102,6
103,1
103,2
103,4
104,1
104,2
104,4
105,0
105,2
105,4
106,0
106,2
106,3
107,0
107,1
107,3
108,1
108,2
108,4
108,5
109,1
109,3
109,4
110,1
110,2
110,4
111,0
111,2
111,4
112,0
112,2
112,3
113,1
113,3
114,0
114,2
114,3
115,0
115,2
115,3
116,0
116,1
116,3
116,4
116,6
117,1
117,2
117,4
118,0
118,2
118,4
119,0
119,2
119,3
120,0
120,1
120,3
120,5
121,0
121,2
121,3
121,5
121,7
122,0
122,2
122,3
122,5
122,6
123,1
123,3
123,4
124,0
124,1
124,3
124,5
124,6
124,8
124,9
124,11
124,12
125,1
125,3
125,4
125,6
125,7
125,9
126,1
126,2
126,4
126,5
126,7
126,9
127,0
127,2
127,3
127,5
127,6
127,8
128,0
128,1
128,3
128,4
128,6
128,8
128,9
128,11
129,0
129,2
129,3
129,5
129,7
129,8
129,10
129,11
130,0
130,2
130,3
131,0
131,1
131,3
131,4
131,6
132,0
132,1
132,3
133,0
133,2
133,4
133,5
134,1
134,2
134,4
134,6
134,7
135,1
135,2
135,4
136,0
136,2
136,4
136,5
136,7
137,0
137,2
137,4
137,5
138,1
138,2
138,4
138,5
139,1
139,3
139,4
139,6
140,0
140,2
140,4
140,5
141,1
141,2
141,4
142,0
142,2
142,4
142,5
143,0
143,1
143,3
143,5
144,0
144,2
144,3
145,2
145,5
146,0
146,2
146,3
146,5
147,0
147,2
148,0
148,1
148,3
148,4
149,0
149,2
149,3
149,5
150,0
150,2
150,3
150,5
151,0
151,1
151,3
151,4
152,0
152,2
152,3
153,0
153,1
153,3
154,0
154,2
154,4
154,5
154,7
154,8
154,10
155,0
155,1
155,3
155,4
156,0
156,1
156,3
156,5
156,6
157,1
157,2
158,0
158,2
158,3
158,5
159,0
159,2
160,0
160,1
160,3
160,4
161,1
161,2
161,4
162,1
162,2
162,4
162,5
162,7
163,1
163,2
163,4
163,5
164,0
164,1
164,3
164,5
165,0
165,2
165,3
166,0
166,2
166,3
166,5
166,6
166,8
166,9
166,11
166,13
166,14
166,16
166,17
167,1
167,3
167,4
167,6
167,7
168,1
168,3
168,4
169,0
169,1
169,3
169,4
169,6
169,8
169,9
170,1
170,2
170,4
171,0
171,1
171,3
171,4
172,1
172,2
172,4
172,6
172,7
173,1
173,2
174,0
174,2
174,3
175,1
175,2
175,4
175,5
175,7
176,1
176,2
176,4
176,5
177,1
177,3
177,4
177,6
178,0
178,2
178,3
178,5
179,1
179,2
179,4
179,5
180,1
180,3
180,4
180,6
180,7
181,1
181,3
181,4
182,0
182,1
182,3
182,4
183,0
183,2
183,3
183,5
183,6
184,0
184,2
184,3
184,5
184,6
185,1
185,2
185,4
186,1
186,2
186,4
186,5
187,0
187,2
187,3
187,5
187,6
188,1
188,2
188,4
189,1
189,2
189,4
189,5
189,7
190,1
190,2
190,4
190,5
191,0
191,2
191,3
191,5
191,6
192,0
192,1
192,3
193,0
193,1
193,3
193,4
194,0
194,2
194,3
195,0
195,1
195,3
195,4
195,6
196,1
196,2
196,4
196,5
197,0
197,2
197,3
197,5
197,6
198,1
198,2
198,4
199,1
199,2
199,4
199,5
200,0
200,2
200,3
201,0
201,1
201,3
201,4
201,6
202,1
202,2
202,4
202,5
203,0
203,2
203,3
204,0
204,1
204,3
204,5
205,0
205,2
205,3
206,0
206,1
206,3
206,5
206,6
207,0
207,1
207,3
207,5
208,0
208,2
208,3
208,5
208,6
209,0
209,2
209,3
209,5
209,6
209,8
210,1
210,2
210,4
210,5
210,7
211,0
211,2
211,4
211,5
212,1
212,2
212,4
212,6
213,0
213,2
213,3
213,5
214,0
214,1
214,3
214,4
214,6
215,0
215,2
215,4
215,5
216,1
216,2
216,4
217,0
217,1
217,3
217,4
218,0
218,1
218,3
218,5
219,0
219,2
219,3
219,5
219,7
220,0
220,2
220,3
220,5
221,0
221,2
221,4
221,5
222,0
222,1
222,3
222,5
222,6
222,8
223,0
223,2
223,4
223,5
224,1
224,2
225,0
225,1
225,3
225,5
226,0
226,2
226,3
226,5
227,0
227,1
227,3
227,4
227,6
228,0
228,2
228,4
228,5
229,1
229,2
229,4
230,0
230,1
230,3
230,4
230,6
231,0
231,2
231,4
231,5
232,1
232,2
232,4
233,0
233,1
233,3
233,4
233,6
234,0
234,2
234,4
234,5
235,1
235,2
235,4
235,6
236,0
236,2
236,3
236,5
237,1
237,2
237,4
237,5
238,0
238,1
238,3
238,5
239,0
239,2
239,3
239,5
240,0
240,1
240,3
240,4
241,0
241,1
241,3
241,5
242,0
242,2
242,3
242,5
242,7
242,8
243,0
243,1
243,3
243,4
244,1
244,3
244,4
245,0
245,1
245,3
245,5
246,0
246,2
246,3
246,5
247,1
247,2
247,4
248,0
248,2
248,3
248,5
248,7
248,8
249,1
249,2
249,4
250,1
250,2
250,4
251,0
251,2
251,3
251,5
251,7
252,0
252,2
252,3
253,0
253,2
253,3
253,5
253,6
254,1
254,2
254,4
254,6
255,0
255,2
255,3
255,5
256,0
256,1
256,3
256,4
256,6
256,7
257,1
257,3
257,4
257,6
258,0
258,2
258,4
258,5
258,7
259,0
259,2
260,0
260,1
260,3
260,4
261,1
261,2
261,4
262,1
262,2
262,4
263,0
263,2
263,4
263,5
264,1
264,2
264,4
264,5
265,1
265,3
265,4
266,1
266,2
266,4
267,1
267,2
267,4
267,5
268,1
268,2
268,4
268,6
269,0
269,2
269,3
270,1
270,3
270,4
271,0
271,1
271,3
272,0
272,1
272,3
272,4
273,1
273,2
273,4
274,1
274,2
274,4
274,5
275,0
275,2
275,3
276,0
276,1
276,3
276,4
277,1
277,3
277,4
278,1
278,2
278,4
279,1
279,2
279,4
280,0
280,2
280,3
281,0
281,2
281,3
282,0
282,1
282,3
283,0
283,1
283,3
283,4
284,1
284,2
284,4
285,1
285,2
285,4
286,0
286,2
286,4
287,0
287,2
287,3
288,0
288,2
288,3
288,5
289,0
289,2
289,3
290,0
290,2
290,3
290,5
291,0
291,2
291,4
292,0
292,2
292,3
293,0
293,1
293,3
294,0
294,1
294,3
294,4
295,1
295,3
295,4
296,0
296,1
296,3
296,4
296,6
296,8
297,0
297,2
297,3
297,5
297,7
298,0
298,2
298,3
298,5
298,7
299,0
299,2
299,3
299,5
300,0
300,2
300,4
300,5
301,0
301,1
301,3
301,5
301,6
302,1
302,2
303,0
303,1
303,3
303,5
303,6
303,8
304,0
304,2
304,4
304,5
304,7
305,0
305,2
305,3
306,0
306,2
306,3
307,0
307,1
307,3
308,0
308,1
308,3
308,4
308,6
309,0
309,1
309,3
309,4
309,6
309,7
310,1
310,3
310,4
310,6
310,7
311,0
311,2
311,3
312,0
312,1
312,3
312,4
313,1
313,3
313,4
313,6
314,0
314,2
314,4
315,0
315,2
315,3
315,5
316,0
316,2
316,4
316,5
317,1
317,2
317,4
318,0
318,1
318,3
318,4
319,1
319,2
319,4
320,1
320,2
320,4
320,5
321,1
321,3
321,4
321,6
322,0
322,2
322,4
322,5
323,1
323,2
323,4
323,5
324,0
324,2
324,3
324,5
324,6
325,1
325,3
325,4
326,0
326,1
326,3
326,4
327,1
327,3
327,4
328,1
328,2
328,4
328,6
328,7
329,1
329,2
329,4
329,5
329,7
329,9
330,0
330,2
330,3
330,5
331,0
331,1
331,3
331,4
331,6
332,1
332,2
332,4
332,5
333,0
333,1
333,3
333,5
333,6
334,0
334,1
334,3
335,0
335,1
335,3
335,4
335,6
335,7
336,1
336,3
336,4
336,6
337,0
337,2
337,4
338,0
338,2
338,3
338,5
338,6
339,1
339,3
339,4
340,1
340,2
340,4
341,1
341,2
341,4
341,5
342,1
342,2
343,0
343,2
343,3
344,0
344,1
344,3
344,5
344,6
344,8
345,0
345,2
345,4
345,5
346,1
346,2
346,4
347,0
347,2
347,4
348,0
348,2
348,3
349,0
349,2
349,3
350,0
350,1
350,3
350,4
351,0
351,2
351,3
351,5
351,6
352,0
352,2
352,3
352,5
353,0
353,2
353,3
353,5
354,1
354,2
354,4
354,5
355,0
355,2
355,3
355,5
355,6
356,1
356,3
356,4
357,1
357,2
357,4
358,0
358,2
358,4
358,5
359,0
359,1
359,3
360,0
360,1
360,3
360,4
360,6
360,7
361,1
361,3
361,4
362,1
362,2
362,4
363,0
363,1
363,3
363,4
364,0
364,1
364,3
364,5
365,0
365,2
365,3
366,0
366,2
366,3
367,0
367,1
367,3
367,4
368,0
368,2
368,3
368,5
368,6
369,1
369,3
369,4
370,0
370,1
370,3
371,0
371,1
371,3
371,4
371,6
372,0
372,2
372,4
372,5
372,7
372,8
373,1
373,3
373,4
374,0
374,1
374,3
374,4
375,1
375,3
375,4
376,1
376,2
376,4
377,0
377,1
377,3
377,4
378,1
378,2
378,4
379,1
379,2
379,4
380,0
380,2
380,4
380,5
381,1
381,2
381,4
381,6
382,0
382,2
382,3
382,5
383,0
383,2
383,4
383,5
384,0
384,1
384,3
384,5
385,0
385,2
385,3
385,5
385,6
386,1
386,3
386,4
387,0
387,1
387,3
387,5
388,0
388,2
388,3
389,0
389,1
389,3
389,5
389,6
390,1
390,2
390,4
391,1
391,2
391,4
392,0
392,2
393,0
393,1
393,3
393,4
393,6
394,0
394,2
394,4
394,5
395,1
395,2
395,4
396,1
396,2
396,4
397,0
397,2
397,3
397,5
398,1
398,2
398,4
398,5
399,1
399,3
399,4
400,1
400,2
400,4
401,0
401,2
401,4
401,5
402,1
402,2
403,0
403,2
403,3
404,0
404,1
404,3
404,4
404,6
405,1
405,2
405,4
405,5
406,0
406,2
406,3
406,5
407,0
407,2
407,4
407,5
408,0
408,1
408,3
408,4
409,0
409,2
409,3
409,5
409,6
409,8
410,1
410,2
410,4
411,0
411,2
411,3
412,0
412,2
412,3
412,5
412,6
413,1
413,3
413,4
413,6
414,0
414,2
414,3
414,5
415,0
415,1
415,3
415,4
416,1
416,3
416,4
417,0
417,1
417,3
418,0
418,1
418,3
418,4
419,1
419,2
419,4
419,6
420,0
420,2
420,3
420,5
421,1
421,2
421,4
422,0
422,2
422,3
422,5
423,1
423,2
423,4
423,5
424,0
424,2
424,3
424,5
425,0
425,2
425,3
425,5
426,0
426,1
426,3
426,4
427,0
427,2
427,3
427,5
427,6
428,1
428,2
428,4
428,6
428,7
429,0
429,1
429,3
430,0
430,1
430,3
430,4
430,6
431,1
431,2
431,4
431,5
432,1
432,2
432,4
433,1
433,2
433,4
434,0
434,2
434,4
434,5
434,7
435,0
435,2
435,3
436,1
436,3
436,4
437,1
437,2
437,4
438,1
438,2
438,4
438,5
439,0
439,1
439,3
440,0
440,1
440,3
440,4
441,1
441,3
441,4
442,1
442,2
442,4
442,6
442,7
443,1
443,2
443,4
444,0
444,2
444,4
444,5
445,1
445,2
445,4
446,1
446,2
446,4
446,5
448,1
448,2
448,4
448,6
448,7
448,9
449,0
449,2
450,0
450,1
450,3
451,0
451,2
451,3
452,1
452,3
453,0
453,2
453,3
454,1
454,3
455,0
455,2
455,3
456,1
456,2
457,0
457,2
457,3
458,1
458,2
459,0
459,2
459,3
460,1
460,2
460,4
460,6
461,0
461,2
461,3
462,0
462,1
462,3
462,5
462,6
462,8
462,9
462,11
463,1
463,2
463,4
463,5
464,0
464,1
464,3
464,5
464,6
465,1
465,2
465,4
466,1
466,2
466,4
466,5
467,1
467,2
467,4
467,6
468,0
468,2
468,3
468,5
469,1
469,2
469,4
469,5
470,1
470,3
470,4
471,1
471,2
471,4
471,5
472,1
472,3
473,0
473,2
473,3
473,5
473,7
474,0
474,2
474,3
475,1
475,2
476,0
476,2
476,3
476,5
476,6
477,1
477,3
477,4
477,6
478,0
478,2
478,3
479,0
479,2
479,3
479,5
479,6
480,0
480,2
480,3
481,1
481,2
481,4
482,1
482,2
482,4
482,5
483,0
483,1
483,3
483,5
483,6
484,1
484,2
484,4
484,6
485,0
485,2
485,3
486,0
486,1
486,3
486,5
487,0
487,2
487,3
487,5
488,1
488,2
488,4
488,5
489,1
489,2
489,4
489,6
490,0
490,2
490,3
491,0
491,2
491,3
491,5
492,0
492,2
492,3
492,5
492,7
493,0
493,2
493,3
493,5
494,1
494,2
494,4
494,5
495,1
495,3
496,0
496,2
496,3
496,5
497,0
497,2
497,4
498,0
498,2
498,3
498,5
499,1
499,2
499,4
499,5
500,1
500,2
500,4
501,0
501,1
501,3
501,4
502,0
502,2
502,3
502,5
503,0
503,2
503,3
504,0
504,2
504,3
504,5
505,0
505,2
505,4
505,5
506,1
506,2
506,4
507,0
507,1
507,3
507,4
508,1
508,2
509,0
509,2
509,3
509,5
509,6
510,0
510,2
510,3
511,0
511,1
511,3
511,4
512,1
512,3
512,4
513,1
513,2
513,4
514,1
514,2
514,4
514,5
515,1
515,2
515,4
516,1
516,2
516,4
517,0
517,2
517,4
518,0
518,2
518,3
519,0
519,1
519,3
520,0
520,1
520,3
520,4
521,4
521,6
521,7
521,9
521,10
521,12
521,14
521,15
521,17
521,18
521,20
521,21
521,23
521,25
521,26
521,28
521,29
521,31
521,33
521,34
521,36
521,37
521,39
521,40
521,42
521,44
521,45
521,47
521,48
521,50
521,52
521,53
521,55
521,56
521,58
521,59
521,60
521,57
521,54
521,51
521,49
521,46
521,43
521,38
521,35
521,32
521,30
521,27
521,24
521,22
521,19
521,16
521,13
521,11
521,8
521,5
521,2
520,2
519,4
519,2
518,4
518,1
517,3
517,1
516,3
516,0
515,3
515,0
514,3
514,0
513,3
513,0
512,2
512,0
511,2
510,4
510,1
509,7
509,4
509,1
508,3
508,0
507,2
506,5
506,3
506,0
505,3
505,1
504,4
504,1
503,4
503,1
502,4
502,1
501,5
501,2
500,5
500,3
500,0
499,3
499,0
498,4
498,1
497,3
497,1
496,4
496,1
495,2
495,0
494,3
494,0
493,4
493,1
492,6
492,4
492,1
491,4
491,1
490,4
490,1
489,5
489,3
489,0
488,3
488,0
487,4
487,1
486,4
486,2
485,4
485,1
484,5
484,3
484,0
483,4
483,2
482,6
482,3
482,0
481,3
481,0
480,1
479,7
479,4
479,1
478,4
478,1
477,5
477,2
477,0
476,4
476,1
475,3
475,0
474,1
473,6
473,4
473,1
472,2
472,0
471,3
471,0
470,2
470,0
469,3
469,0
468,4
468,1
467,5
467,3
467,0
466,3
466,0
465,3
465,0
464,4
464,2
463,6
463,3
463,0
462,10
462,7
462,4
462,2
461,4
461,1
460,5
460,3
460,0
459,1
458,3
458,0
457,1
456,3
456,0
455,1
454,2
454,0
453,1
452,2
452,0
451,1
450,2
449,3
449,1
448,8
448,5
448,3
448,0
446,3
446,0
445,3
445,0
444,3
444,1
443,3
443,0
442,5
442,3
442,0
441,2
441,0
440,2
439,4
439,2
438,6
438,3
438,0
437,3
437,0
436,2
436,0
435,1
434,6
434,3
434,1
433,3
433,0
432,3
432,0
431,3
431,0
430,5
430,2
429,4
429,2
428,8
428,5
428,3
428,0
427,4
427,1
426,5
426,2
425,6
425,4
425,1
424,4
424,1
423,6
423,3
423,0
422,4
422,1
421,3
421,0
420,4
420,1
419,5
419,3
419,0
418,2
417,4
417,2
416,5
416,2
416,0
415,2
414,6
414,4
414,1
413,5
413,2
413,0
412,4
412,1
411,4
411,1
410,3
410,0
409,7
409,4
409,1
408,5
408,2
407,6
407,3
407,1
406,4
406,1
405,6
405,3
405,0
404,5
404,2
403,4
403,1
402,3
402,0
401,3
401,1
400,3
400,0
399,2
399,0
398,3
398,0
397,4
397,1
396,3
396,0
395,3
395,0
394,3
394,1
393,5
393,2
392,3
392,1
391,3
391,0
390,3
390,0
389,4
389,2
388,4
388,1
387,4
387,2
386,5
386,2
386,0
385,4
385,1
384,4
384,2
383,6
383,3
383,1
382,4
382,1
381,5
381,3
381,0
380,3
380,1
379,3
379,0
378,3
378,0
377,2
376,5
376,3
376,0
375,2
375,0
374,2
373,5
373,2
373,0
372,6
372,3
372,1
371,5
371,2
370,4
370,2
369,5
369,2
369,0
368,4
368,1
367,5
367,2
366,4
366,1
365,4
365,1
364,4
364,2
363,5
363,2
362,5
362,3
362,0
361,2
361,0
360,5
360,2
359,4
359,2
358,6
358,3
358,1
357,3
357,0
356,2
356,0
355,4
355,1
354,6
354,3
354,0
353,4
353,1
352,4
352,1
351,7
351,4
351,1
350,5
350,2
349,4
349,1
348,4
348,1
347,3
347,1
346,3
346,0
345,3
345,1
344,7
344,4
344,2
343,4
343,1
342,3
342,0
341,3
341,0
340,3
340,0
339,2
339,0
338,4
338,1
337,3
337,1
336,5
336,2
336,0
335,5
335,2
334,4
334,2
333,7
333,4
333,2
332,6
332,3
332,0
331,5
331,2
330,6
330,4
330,1
329,8
329,6
329,3
329,0
328,5
328,3
328,0
327,2
327,0
326,2
325,5
325,2
325,0
324,4
324,1
323,6
323,3
323,0
322,3
322,1
321,5
321,2
321,0
320,3
320,0
319,3
319,0
318,2
317,5
317,3
317,0
316,3
316,1
315,4
315,1
314,3
314,1
313,5
313,2
313,0
312,2
311,4
311,1
310,8
310,5
310,2
310,0
309,5
309,2
308,7
308,5
308,2
307,4
307,2
306,4
306,1
305,4
305,1
304,6
304,3
304,1
303,7
303,4
303,2
302,3
302,0
301,4
301,2
300,6
300,3
300,1
299,4
299,1
298,6
298,4
298,1
297,6
297,4
297,1
296,7
296,5
296,2
295,5
295,2
295,0
294,2
293,4
293,2
292,4
292,1
291,3
291,1
290,4
290,1
289,4
289,1
288,4
288,1
287,4
287,1
286,3
286,1
285,3
285,0
284,3
284,0
283,2
282,4
282,2
281,4
281,1
280,4
280,1
279,3
279,0
278,3
278,0
277,2
277,0
276,2
275,4
275,1
274,6
274,3
274,0
273,3
273,0
272,2
271,4
271,2
270,5
270,2
270,0
269,1
268,5
268,3
268,0
267,3
267,0
266,3
266,0
265,2
265,0
264,3
264,0
263,3
263,1
262,3
262,0
261,3
261,0
260,2
259,3
259,1
258,6
258,3
258,1
257,5
257,2
257,0
256,5
256,2
255,6
255,4
255,1
254,5
254,3
254,0
253,4
253,1
252,4
252,1
251,6
251,4
251,1
250,3
250,0
249,3
249,0
248,6
248,4
248,1
247,3
247,0
246,4
246,1
245,4
245,2
244,5
244,2
244,0
243,2
242,9
242,6
242,4
242,1
241,4
241,2
240,5
240,2
239,6
239,4
239,1
238,4
238,2
237,6
237,3
237,0
236,4
236,1
235,5
235,3
235,0
234,3
234,1
233,5
233,2
232,5
232,3
232,0
231,3
231,1
230,5
230,2
229,5
229,3
229,0
228,3
228,1
227,5
227,2
226,6
226,4
226,1
225,4
225,2
224,3
224,0
223,3
223,1
222,7
222,4
222,2
221,6
221,3
221,1
220,4
220,1
219,6
219,4
219,1
218,4
218,2
217,5
217,2
216,5
216,3
216,0
215,3
215,1
214,5
214,2
213,6
213,4
213,1
212,5
212,3
212,0
211,3
211,1
210,6
210,3
210,0
209,7
209,4
209,1
208,7
208,4
208,1
207,4
207,2
206,7
206,4
206,2
205,4
205,1
204,4
204,2
203,4
203,1
202,6
202,3
202,0
201,5
201,2
200,4
200,1
199,6
199,3
199,0
198,3
198,0
197,4
197,1
196,6
196,3
196,0
195,5
195,2
194,4
194,1
193,5
193,2
192,4
192,2
191,7
191,4
191,1
190,6
190,3
190,0
189,6
189,3
189,0
188,3
188,0
187,4
187,1
186,6
186,3
186,0
185,3
185,0
184,4
184,1
183,7
183,4
183,1
182,5
182,2
181,5
181,2
181,0
180,5
180,2
180,0
179,3
179,0
178,4
178,1
177,5
177,2
177,0
176,3
176,0
175,6
175,3
175,0
174,1
173,3
173,0
172,5
172,3
172,0
171,2
170,5
170,3
170,0
169,7
169,5
169,2
168,5
168,2
168,0
167,5
167,2
167,0
166,15
166,12
166,10
166,7
166,4
166,1
165,4
165,1
164,4
164,2
163,6
163,3
163,0
162,6
162,3
162,0
161,3
161,0
160,2
159,3
159,1
158,4
158,1
157,3
157,0
156,4
156,2
155,5
155,2
154,11
154,9
154,6
154,3
154,1
153,2
152,4
152,1
151,5
151,2
150,6
150,4
150,1
149,4
149,1
148,5
148,2
147,3
147,1
146,4
146,1
145,4
144,4
144,1
143,4
143,2
142,6
142,3
142,1
141,3
141,0
140,3
140,1
139,5
139,2
139,0
138,3
138,0
137,3
137,1
136,6
136,3
136,1
135,3
135,0
134,5
134,3
134,0
133,3
133,1
132,2
131,7
131,5
131,2
130,4
130,1
129,12
129,9
129,6
129,4
129,1
128,10
128,7
128,5
128,2
127,9
127,7
127,4
127,1
126,8
126,6
126,3
126,0
125,8
125,5
125,2
125,0
124,10
124,7
124,4
124,2
123,5
123,2
123,0
122,4
122,1
121,6
121,4
121,1
120,4
120,2
119,4
119,1
118,3
118,1
117,3
117,0
116,5
116,2
115,4
115,1
114,4
114,1
113,2
113,0
112,1
111,3
111,1
110,3
110,0
109,2
109,0
108,3
108,0
107,2
106,4
106,1
105,3
105,1
104,3
104,0
103,3
103,0
102,4
102,1
101,7
101,4
101,1
100,4
100,1
99,3
99,1
98,3
98,0
97,4
97,2
96,6
96,3
96,1
95,4
95,1
94,5
94,3
94,0
93,5
93,3
93,0
92,5
92,2
92,0
91,2
90,3
90,1
89,2
88,5
88,2
88,0
87,4
87,1
86,41
86,38
86,35
86,33
86,30
86,27
86,24
86,22
86,19
86,16
86,14
86,11
86,8
86,5
86,3
86,0
85,8
85,6
85,3
85,0
84,4
84,2
83,6
83,3
83,1
82,5
82,2
82,0
81,4
81,1
80,11
80,9
80,6
80,3
80,1
79,2
78,6
78,3
78,1
77,4
77,1
76,10
76,7
76,4
76,1
75,7
75,4
75,1
74,7
74,4
74,1
73,6
73,4
73,1
72,5
72,3
72,0
71,4
71,2
70,6
70,3
70,0
69,8
69,5
69,2
69,0
68,3
68,0
67,2
67,0
66,4
66,1
65,5
64,18
64,15
64,12
64,10
64,7
64,4
64,2
63,8
63,5
63,3
63,0
62,2
61,4
61,2
60,6
60,3
60,1
59,5
59,2
58,6
58,4
58,1
57,6
57,4
57,1
56,5
56,2
56,0
55,3
55,0
54,4
54,1
53,6
53,4
53,1
52,5
52,2
52,0
51,5
51,2
51,0
50,4
50,1
49,3
49,1
48,2
47,8
47,6
47,3
47,0
46,2
46,0
45,13
45,10
45,8
45,5
45,2
44,5
44,3
44,0
43,3
43,1
42,4
42,1
41,4
41,1
40,3
40,0
39,4
39,1
38,8
38,6
38,3
38,0
37,5
37,3
37,0
36,4
36,2
35,5
35,2
34,4
34,2
33,7
33,4
33,2
32,8
32,5
32,3
32,0
31,2
30,6
30,4
30,1
29,3
29,1
28,7
28,4
28,1
27,25
27,22
27,19
27,17
27,14
27,11
27,8
27,6
27,3
27,0
26,23
26,20
26,17
26,14
26,12
26,9
26,6
26,4
26,1
25,21
25,19
25,16
25,13
25,10
25,8
25,5
25,2
25,0
24,7
24,4
24,1
4,2
3,4
3,1
2,129
2,123
2,120
2,117
2,115
2,112
2,109
2,107
2,104
2,101
2,99
2,96
2,93
2,90
2,88
2,85
2,82
2,80
2,77
2,74
2,71
2,69
2,66
2,35
2,33
2,30
2,27
2,24
2,22
2,19
2,16
2,14
2,11
2,8
0,275
0,426
0,274
0,508
0,273
0,382
0,272
0,394
0,271
0,470
0,270
0,325
0,269
0,407
0,268
0,436
0,267
0,318
0,266
0,323
0,265
0,507
0,264
0,392
0,263
0,341
0,262
0,469
0,261
0,497
0,260
0,500
0,259
0,499
0,258
0,371
0,257
0,406
0,256
0,415
0,255
0,435
0,254
0,370
0,253
0,440
0,252
0,391
0,251
0,402
0,250
0,421
0,249
0,390
0,248
0,320
0,247
0,412
0,246
0,431
0,245
0,244
0,327
0,242
0,430
0,241
0,481
0,240
0,429
0,239
0,490
0,238
0,368
0,237
0,386
0,236
0,477
0,235
0,475
0,234
0,396
0,233
0,432
0,232
0,476
0,231
0,359
0,230
0,384
0,229
0,401
0,228
0,314
0,227
0,425
0,226
0,505
0,225
0,504
0,224
0,405
0,223
0,313
0,222
0,468
0,221
0,496
0,220
0,367
0,219
0,424
0,218
0,364
0,217
0,441
0,216
0,494
0,215
0,418
0,214
0,309
0,213
0,372
0,212
0,439
0,211
0,366
0,210
0,387
0,209
0,404
0,208
0,369
0,207
0,482
0,206
0,389
0,205
0,467
0,204
0,203
0,363
0,202
0,416
0,201
0,438
0,200
0,312
0,199
0,319
0,198
0,410
0,197
0,488
0,196
0,346
0,195
0,493
0,194
0,417
0,193
0,345
0,192
0,385
0,63
0,321
0,62
0,306
0,61
0,484
0,60
0,413
0,59
0,311
0,58
0,408
0,57
0,510
0,56
0,324
0,55
0,54
0,380
0,53
0,437
0,52
0,466
0,51
0,365
0,50
0,428
0,49
0,332
0,48
0,395
0,47
0,46
0,45
0,399
0,6
0,5
0,1
0,433
0,11
0,4
0,2
0,3
0,7
